t mean prediction true output y_opt_min y_opt_max 
0.0000000000 -4.1611037539 -4.1340786210 -5.2853703485 -3.1134534869 
1.0000000000 -2.3695355128 -2.8143359513 -3.6251833346 -1.1968239981 
2.0000000000 -0.6222000739 -0.8867395128 -1.7732141888 0.7116452607 
3.0000000000 0.6546330943 0.6710184695 -0.4072203666 1.7274869751 
4.0000000000 1.1556761306 1.2917175750 -0.5553745624 2.4750863669 
5.0000000000 1.1223793355 1.3432428990 -0.6161418401 2.4174568212 
6.0000000000 0.7616537453 0.8297912383 -0.4920411586 2.1426599019 
7.0000000000 0.3169915253 0.6551616350 -1.1675955209 1.4800247229 
8.0000000000 0.0120945243 0.3340153536 -1.2937781481 1.1827816470 
9.0000000000 -0.0046701701 -0.1802973839 -1.1912512162 1.0357312900 
10.0000000000 0.0345425924 -0.7029060969 -1.2701921767 1.6818059675 
11.0000000000 0.0758784727 0.0559511791 -1.4701273038 2.2669565478 
12.0000000000 0.0361242973 -0.2554348076 -1.3157810777 1.3604506824 
13.0000000000 -0.1051753569 -0.1596257102 -1.3353662652 1.0581685892 
14.0000000000 -0.4362851287 -0.0164545625 -2.0433154381 0.7854931931 
15.0000000000 -0.8225295462 -0.4849471818 -2.2763747816 0.6442912936 
16.0000000000 -1.0780028250 -0.8439483388 -2.4655813587 0.9123783471 
17.0000000000 -1.0289427982 -0.9554552009 -2.5128822223 0.3220445998 
18.0000000000 0.2613277392 0.3761062384 -1.0879522937 1.6350085780 
19.0000000000 1.5103985656 1.7456793464 0.0843798250 3.2071437825 
20.0000000000 2.6461513674 2.7779801705 1.3830394302 3.9968990755 
21.0000000000 3.2518314717 2.9837266227 1.2689813071 4.4588814376 
22.0000000000 3.8247136501 4.6744422801 2.3421982160 5.1081230382 
23.0000000000 4.0558545138 4.9193842573 2.6080549844 5.5864844302 
24.0000000000 3.8348402264 4.3181431433 2.1897995121 5.4187188419 
25.0000000000 2.9949913482 3.0468795705 1.6381619811 4.2814738479 
26.0000000000 1.6025262377 0.7342569348 0.3026513333 2.8297613267 
27.0000000000 0.2435667458 -0.4586337773 -1.3454614453 1.9853450232 
28.0000000000 -0.5995131954 -1.0776072889 -1.9644729450 0.8822530034 
29.0000000000 -0.9114346336 -1.4416542561 -2.3361657056 0.7869427717 
30.0000000000 -0.8542200707 -1.3823673836 -2.1642126727 0.5112018660 
31.0000000000 -0.4914418115 -0.7763665465 -2.2001932129 0.7958843844 
32.0000000000 -0.1913346891 -0.2827953905 -1.2904143838 1.2361051584 
33.0000000000 0.0473062687 0.3518217644 -1.1711218738 1.6351943206 
34.0000000000 0.2245726360 0.7438680709 -1.1528370710 2.0003396155 
35.0000000000 0.1996846883 0.0288960756 -0.8534809078 1.6316359877 
36.0000000000 0.1885355372 -0.0382554837 -0.8443863403 1.4372512144 
37.0000000000 0.0786763536 -0.3032802985 -1.2673729920 1.5772406939 
38.0000000000 -0.0091290382 0.4451838285 -1.4877814414 1.4157241326 
39.0000000000 -0.0395233949 0.0816030672 -1.5705543350 1.3079221389 
40.0000000000 -0.0848845283 0.0399802771 -1.4214731022 1.3972457748 
          
          
          
          
          
          
          
          
          
          
          
          
          
          
          
          
          
          
          
          
          
          
          
          
          
          
          
          
          
          
          
          
          
          
          
          
          
          
          
          
          
          
          
          
          
          
          
          
          
          
          
          
          
          
          
          
          
          
          
          
          
          
          
          
          
          
          
          
          
          
          
          
          
          
          
          
          
          
          
          
          
          
          
          
          
          
          
          
          
          
          
          
          
          
          
          
          
          
          
          
          
          
          
          
          
          
          
          
          
          
          
          
          
          
          
          
          
          
          
          
          
          
          
          
          
          
          
          
          
          
          
          
          
          
          
          
          
          
          
          
          
          
          
          
          
          
          
          
          
          
          
          
          
          
          
          
          
          
          
