t    
-5.0000000000 0.0001338302 0.0000000000 0.0001338302 
-4.9000000000 0.0001986555 0.0000000000 0.0001986555 
-4.8000000000 0.0002919470 0.0000000000 0.0002919469 
-4.7000000000 0.0004247803 0.0000000001 0.0004247803 
-4.6000000000 0.0006119021 0.0000000001 0.0006119019 
-4.5000000000 0.0008726830 0.0000000003 0.0008726827 
-4.4000000000 0.0012322197 0.0000000005 0.0012322192 
-4.3000000000 0.0017225699 0.0000000010 0.0017225689 
-4.2000000000 0.0023840900 0.0000000018 0.0023840882 
-4.1000000000 0.0032668224 0.0000000033 0.0032668191 
-4.0000000000 0.0044318545 0.0000000061 0.0044318484 
-3.9000000000 0.0059525434 0.0000000110 0.0059525324 
-3.8000000000 0.0079154714 0.0000000198 0.0079154516 
-3.7000000000 0.0104209700 0.0000000351 0.0104209348 
-3.6000000000 0.0135830311 0.0000000618 0.0135829692 
-3.5000000000 0.0175284082 0.0000001077 0.0175283005 
-3.4000000000 0.0223947160 0.0000001857 0.0223945303 
-3.3000000000 0.0283273549 0.0000003171 0.0283270377 
-3.2000000000 0.0354751289 0.0000005361 0.0354745928 
-3.1000000000 0.0439844932 0.0000008972 0.0439835960 
-3.0000000000 0.0539924532 0.0000014867 0.0539909665 
-2.9000000000 0.0656182537 0.0000024390 0.0656158148 
-2.8000000000 0.0789541196 0.0000039613 0.0789501583 
-2.7000000000 0.0940554472 0.0000063698 0.0940490774 
-2.6000000000 0.1109309755 0.0000101409 0.1109208347 
-2.5000000000 0.1295335794 0.0000159837 0.1295175957 
-2.4000000000 0.1497524081 0.0000249425 0.1497274656 
-2.3000000000 0.1714071272 0.0000385352 0.1713685920 
-2.2000000000 0.1942449981 0.0000589431 0.1941860550 
-2.1000000000 0.2179414387 0.0000892617 0.2178521770 
-2.0000000000 0.2421045547 0.0001338302 0.2419707245 
-1.9000000000 0.2662839054 0.0001986555 0.2660852499 
-1.8000000000 0.2899834997 0.0002919469 0.2896915528 
-1.7000000000 0.3126787136 0.0004247803 0.3122539334 
-1.6000000000 0.3338365048 0.0006119019 0.3332246029 
-1.5000000000 0.3529380095 0.0008726827 0.3520653268 
-1.4000000000 0.3695023595 0.0012322192 0.3682701403 
-1.3000000000 0.3831103844 0.0017225689 0.3813878155 
-1.2000000000 0.3934267822 0.0023840882 0.3910426940 
-1.1000000000 0.4002193665 0.0032668191 0.3969525475 
-1.0000000000 0.4033741288 0.0044318484 0.3989422804 
-0.9000000000 0.4029050799 0.0059525324 0.3969525475 
-0.8000000000 0.3989581456 0.0079154516 0.3910426940 
-0.7000000000 0.3918087503 0.0104209348 0.3813878155 
-0.6000000000 0.3818531095 0.0135829692 0.3682701403 
-0.5000000000 0.3695936273 0.0175283005 0.3520653268 
-0.4000000000 0.3556191332 0.0223945303 0.3332246029 
-0.3000000000 0.3405809711 0.0283270377 0.3122539334 
-0.2000000000 0.3251661456 0.0354745928 0.2896915528 
-0.1000000000 0.3100688459 0.0439835960 0.2660852499 
0.0000000000 0.2959616910 0.0539909665 0.2419707245 
0.1000000000 0.2834679918 0.0656158148 0.2178521770 
0.2000000000 0.2731362133 0.0789501583 0.1941860550 
0.3000000000 0.2654176694 0.0940490774 0.1713685920 
0.4000000000 0.2606483003 0.1109208347 0.1497274656 
0.5000000000 0.2590351913 0.1295175957 0.1295175957 
0.6000000000 0.2606483003 0.1497274656 0.1109208347 
0.7000000000 0.2654176694 0.1713685920 0.0940490774 
0.8000000000 0.2731362133 0.1941860550 0.0789501583 
0.9000000000 0.2834679918 0.2178521770 0.0656158148 
1.0000000000 0.2959616910 0.2419707245 0.0539909665 
1.1000000000 0.3100688459 0.2660852499 0.0439835960 
1.2000000000 0.3251661456 0.2896915528 0.0354745928 
1.3000000000 0.3405809711 0.3122539334 0.0283270377 
1.4000000000 0.3556191332 0.3332246029 0.0223945303 
1.5000000000 0.3695936273 0.3520653268 0.0175283005 
1.6000000000 0.3818531095 0.3682701403 0.0135829692 
1.7000000000 0.3918087503 0.3813878155 0.0104209348 
1.8000000000 0.3989581456 0.3910426940 0.0079154516 
1.9000000000 0.4029050799 0.3969525475 0.0059525324 
2.0000000000 0.4033741288 0.3989422804 0.0044318484 
2.1000000000 0.4002193665 0.3969525475 0.0032668191 
2.2000000000 0.3934267822 0.3910426940 0.0023840882 
2.3000000000 0.3831103844 0.3813878155 0.0017225689 
2.4000000000 0.3695023595 0.3682701403 0.0012322192 
2.5000000000 0.3529380095 0.3520653268 0.0008726827 
2.6000000000 0.3338365048 0.3332246029 0.0006119019 
2.7000000000 0.3126787136 0.3122539334 0.0004247803 
2.8000000000 0.2899834997 0.2896915528 0.0002919469 
2.9000000000 0.2662839054 0.2660852499 0.0001986555 
3.0000000000 0.2421045547 0.2419707245 0.0001338302 
3.1000000000 0.2179414387 0.2178521770 0.0000892617 
3.2000000000 0.1942449981 0.1941860550 0.0000589431 
3.3000000000 0.1714071272 0.1713685920 0.0000385352 
3.4000000000 0.1497524081 0.1497274656 0.0000249425 
3.5000000000 0.1295335794 0.1295175957 0.0000159837 
3.6000000000 0.1109309755 0.1109208347 0.0000101409 
3.7000000000 0.0940554472 0.0940490774 0.0000063698 
3.8000000000 0.0789541196 0.0789501583 0.0000039613 
3.9000000000 0.0656182537 0.0656158148 0.0000024390 
4.0000000000 0.0539924532 0.0539909665 0.0000014867 
4.1000000000 0.0439844932 0.0439835960 0.0000008972 
4.2000000000 0.0354751289 0.0354745928 0.0000005361 
4.3000000000 0.0283273549 0.0283270377 0.0000003171 
4.4000000000 0.0223947160 0.0223945303 0.0000001857 
4.5000000000 0.0175284082 0.0175283005 0.0000001077 
4.6000000000 0.0135830311 0.0135829692 0.0000000618 
4.7000000000 0.0104209700 0.0104209348 0.0000000351 
4.8000000000 0.0079154714 0.0079154516 0.0000000198 
4.9000000000 0.0059525434 0.0059525324 0.0000000110 
5.0000000000 0.0044318545 0.0044318484 0.0000000061 
        
        
        
        
        
        
        
        
        
        
        
        
        
        
        
        
        
        
        
        
        
        
        
        
        
        
        
        
        
        
        
        
        
        
        
        
        
        
        
        
        
        
        
        
        
        
        
        
        
        
        
        
        
        
        
        
        
        
        
        
        
        
        
        
        
        
        
        
        
        
        
        
        
        
        
        
        
        
        
        
        
        
        
        
        
        
        
        
        
        
        
        
        
        
        
        
        
        
        
