t mean prediction true output y_opt_min y_opt_max 
0.0000000000 -4.1611037539 -4.1340786210 -5.2853703485 -3.1134534869 
1.0000000000 -2.3695569374 -2.8143359513 -3.6251836805 -1.1968537225 
2.0000000000 -0.6243030332 -0.8886686693 -1.7757183183 0.7099129336 
3.0000000000 0.6404719592 0.6548428367 -0.4203914229 1.7124704889 
4.0000000000 1.1325854445 1.2606278842 -0.5769659122 2.4524710810 
5.0000000000 1.1039731430 1.3215123392 -0.6344722357 2.4006207976 
6.0000000000 0.7574903516 0.8237750994 -0.4936122700 2.1346600262 
7.0000000000 0.3402394072 0.6819651025 -1.1443986566 1.5074260439 
8.0000000000 0.0297464409 0.3501958256 -1.2754451300 1.1971478882 
9.0000000000 0.0560697087 -0.1216243114 -1.1219550319 1.0980474880 
10.0000000000 0.1184688377 -0.6172435173 -1.1704341916 1.7668507815 
11.0000000000 0.1069829876 0.0731659637 -1.4327050216 2.3070000403 
12.0000000000 -0.0421138084 -0.3108412362 -1.3881148402 1.2957710146 
13.0000000000 -0.3102985099 -0.3079434862 -1.5666673457 0.8615784487 
14.0000000000 -0.7376355453 -0.2479763766 -2.3435924520 0.5254503927 
15.0000000000 -1.0293730411 -0.6910497917 -2.3970119776 0.4223646099 
16.0000000000 -1.0824337623 -0.9082725164 -2.4183841107 0.8537055910 
17.0000000000 -1.0288601844 -1.0211891516 -2.4616281753 0.3099806806 
18.0000000000 0.3984029925 0.5097945347 -0.9429644165 1.7512730338 
19.0000000000 1.5927218500 1.9199345121 0.1516886540 3.2695944916 
20.0000000000 3.0879280073 3.1367086395 1.9999999900 4.4429711766 
21.0000000000 3.6920564397 3.3186615576 1.9999999900 4.9433738797 
22.0000000000 4.1498436410 4.9196774665 2.7796850498 5.5306671490 
23.0000000000 4.3289897691 5.3110872083 2.8019373898 5.8091745690 
24.0000000000 4.0846058421 4.7465883804 2.3308037979 5.6082307419 
25.0000000000 3.1078759163 3.1336713174 1.9999999900 4.4381788896 
26.0000000000 1.5927742035 0.6318997826 0.3445732034 2.6464469892 
27.0000000000 0.1685863486 -0.5677243213 -1.3904069260 1.8726282216 
28.0000000000 -0.6862377979 -1.2427375895 -2.0739089129 0.7950843675 
29.0000000000 -0.9840456988 -1.5484472493 -2.3647414450 0.7362575599 
30.0000000000 -0.8947919695 -1.4337742267 -2.1746698974 0.4712501041 
31.0000000000 -0.4997931111 -0.7868703623 -2.1909464868 0.7720486900 
32.0000000000 -0.1783306612 -0.2534689411 -1.3114302850 1.2660378318 
33.0000000000 0.0679277589 0.3818868991 -1.1542490225 1.6668054597 
34.0000000000 0.2438657692 0.7765715174 -1.1295343433 2.0289960959 
35.0000000000 0.2124859626 0.0506687626 -0.8534766137 1.6525153774 
36.0000000000 0.1937414896 -0.0276273928 -0.8349207130 1.4357505848 
37.0000000000 0.0779002511 -0.3019291169 -1.2730432945 1.5695429153 
38.0000000000 -0.0130873270 0.4403487782 -1.4941827476 1.4085206502 
39.0000000000 -0.0441853041 0.0743241935 -1.5743354849 1.3012967118 
40.0000000000 -0.0885593478 0.0334470095 -1.4248820262 1.3899093950 
          
          
          
          
          
          
          
          
          
          
          
          
          
          
          
          
          
          
          
          
          
          
          
          
          
          
          
          
          
          
          
          
          
          
          
          
          
          
          
          
          
          
          
          
          
          
          
          
          
          
          
          
          
          
          
          
          
          
          
          
          
          
          
          
          
          
          
          
          
          
          
          
          
          
          
          
          
          
          
          
          
          
          
          
          
          
          
          
          
          
          
          
          
          
          
          
          
          
          
          
          
          
          
          
          
          
          
          
          
          
          
          
          
          
          
          
          
          
          
          
          
          
          
          
          
          
          
          
          
          
          
          
          
          
          
          
          
          
          
          
          
          
          
          
          
          
          
          
          
          
          
          
          
          
          
          
          
          
          
